3793   4.052201   944.722900 
9699   4.159089   1729.788208 
6088   4.214684   1491.737061 
4965   3.948641   1243.671509 
9013   4.096084   1861.446411 
2520   4.369444   638.201965 
9968   4.114667   1683.107544 
6972   3.962421   1733.917114 
1332   4.060811   329.363373 
3487   3.970462   875.345886 
4579   4.291330   1121.648560 
8786   4.136126   1909.539673 
6237   3.957351   1555.209106 
8753   4.086028   1916.738892 
2262   4.263926   561.087097 
4873   4.188590   1198.301025 
1023   3.997067   251.298141 
9839   4.220043   1705.174927 
3270   4.139755   803.487793 
3409   4.129070   842.600464 
1672   4.257177   408.282288 
4589   4.136195   1128.306763 
5718   4.095488   1396.526611 
5148   4.396270   1277.011597 
6666   4.058806   1665.455322 
1991   3.908086   498.620789 
5184   4.012924   1305.260620 
4404   4.146458   1072.438477 
3268   3.943084   800.564880 
4079   4.090709   1029.251099 
5677   4.035406   1407.317017 
6406   4.189510   1569.409912 
1752   4.005137   424.757996 
5993   4.109461   1478.174927 
40   2.500000   11.350000 
5821   4.117849   1444.450439 
8311   4.241006   2018.676025 
879   4.459613   212.878265 
4503   4.172774   1123.137451 
4509   4.017299   1138.288086 
7916   4.020718   1964.858765 
9768   4.140766   1717.569214 
9054   4.263420   1853.016968 
2668   4.166417   651.961792 
4273   4.260473   1054.588989 
7843   4.138850   1970.406494 
2576   4.013587   643.737183 
6454   4.105206   1602.212402 
5217   4.520606   1282.407349 
7547   4.061349   1879.851318 
9309   4.042862   1802.257568 
6899   4.157849   1703.989868 
8365   4.140347   2005.644531 
5910   4.256176   1456.431641 
1045   3.600957   256.280396 
9474   4.097741   1770.869385 
3646   4.021942   886.076782 
8132   4.201180   2029.709717 
7734   4.165245   1905.859009 
991   4.072654   247.940460 
